.headImg {
  width: 1.0925925925925926rem;
  height: 1.0925925925925926rem;
  outline: 1px solid red;
  margin: 10px;
}
